88 88
108 108
139 139
159 159
265 265
350 350
351 351
403 403
410 410
424 424
428 428
430 430
470 470
476 476
484 484
504 504
506 506
531 531
544 544
546 546
628 628
630 630
680 680
681 681
685 685
687 687
728 728
742 742
763 763
765 765
766 766
768 768
772 772
801 801
853 853
854 854
867 867
868 868
870 870
915 915
932 932
991 991
992 992
997 997
1002 1002
1006 1006
1061 1061
1062 1062
1063 1063
1066 1066
1070 1070
1158 1158
1166 1166
1254 1254
1257 1257
1313 1313
1317 1317
1552 1552
1612 1612
1622 1622
1651 1651
1652 1652
1676 1676
1684 1684
1739 1739
1741 1741
1756 1756
1757 1757
1793 1793
1797 1797
1819 1819
1820 1820
1829 1829
1834 1834
1835 1835
1851 1851
1852 1852
1853 1853
1872 1872
1890 1890
1925 1925
1942 1942
1943 1943
1954 1954
2016 2016
2017 2017
2031 2031
2053 2053
2057 2057
2081 2081
2091 2091
2106 2106
2108 2108
2141 2141
2159 2159
2166 2166
2171 2171
2191 2191
2202 2202
2212 2212
2239 2239
2240 2240
2276 2276
2278 2278
2285 2285
2286 2286
2317 2317
2370 2370
2412 2412
4779 4779
4807 4807
4826 4826
4840 4840
4857 4857
4884 4884
4900 4900
4939 4939
4958 4958
5023 5023
5104 5104
5151 5151
5165 5165
5210 5210
5236 5236
5249 5249
5253 5253
5276 5276
5279 5279
5349 5349
5353 5353
5395 5395
5486 5486
5577 5577
5644 5644
5651 5651
5717 5717
5718 5718
5720 5720
5726 5726
5741 5741
5748 5748
5757 5757
5768 5768
5772 5772
5776 5776
5779 5779
5784 5784
5798 5798
5800 5800
5811 5811
5822 5822
5830 5830
5831 5831
5832 5832
5836 5836
5837 5837
5856 5856
5860 5860
5865 5865
5867 5867
5874 5874
5890 5890
5893 5893
5907 5907
5921 5921
5950 5950
5984 5984
5993 5993
6008 6008
6009 6009
6010 6010
6011 6011
6012 6012
6013 6013
6016 6016
6017 6017
6019 6019
6020 6020
6021 6021
6022 6022
6023 6023
6024 6024
6025 6025
6030 6030
6034 6034
6035 6035
6036 6036
6038 6038
6039 6039
6040 6040
6041 6041
6042 6042
6043 6043
6046 6046
6064 6064
6069 6069
6070 6070
6071 6071
6073 6073
6074 6074
6076 6076
6077 6077
6085 6085
6086 6086
6087 6087
6088 6088
6090 6090
6091 6091
6092 6092
6094 6094
6095 6095
6096 6096
6097 6097
6098 6098
6099 6099
6100 6100
6101 6101
6102 6102
6104 6104
6105 6105
6106 6106
6107 6107
6108 6108
6109 6109
6111 6111
6112 6112
6113 6113
6114 6114
6115 6115
6118 6118
6119 6119
6122 6122
6123 6123
6124 6124
6125 6125
6126 6126
6128 6128
6131 6131
6132 6132
6133 6133
6134 6134
6136 6136
6137 6137
6138 6138
6140 6140
6141 6141
6142 6142
6145 6145
6148 6148
6149 6149
6150 6150
6151 6151
6153 6153
6154 6154
6163 6163
6166 6166
6169 6169
6172 6172
6173 6173
6174 6174
6177 6177
6180 6180
6184 6184
6188 6188
6189 6189
6191 6191
6192 6192
6193 6193
6194 6194
6195 6195
6198 6198
6201 6201
6202 6202
6203 6203
6209 6209
6210 6210
6214 6214
6216 6216
6217 6217
6218 6218
6220 6220
6221 6221
6231 6231
6235 6235
6237 6237
6238 6238
6240 6240
6241 6241
6242 6242
6243 6243
6244 6244
6252 6252
6255 6255
6258 6258
6268 6268
6276 6276
6284 6284
6296 6296
6390 6390
6396 6396
6413 6413
6424 6424
6434 6434
6445 6445
6680 6680
6739 6739
6740 6740
6744 6744
6749 6749
6750 6750
6805 6805
6806 6806
6814 6814
6830 6830
6897 6897
6898 6898
6900 6900
6901 6901
6903 6903
6904 6904
6907 6907
6908 6908
6909 6909
6911 6911
6913 6913
6915 6915
6917 6917
6918 6918
6919 6919
6920 6920
6922 6922
6923 6923
6924 6924
6926 6926
6927 6927
6929 6929
6931 6931
6932 6932
6933 6933
6938 6938
6940 6940
6943 6943
6944 6944
6945 6945
6951 6951
6956 6956
6957 6957
6958 6958
6959 6959
6960 6960
6961 6961
6963 6963
6966 6966
6967 6967
6968 6968
6969 6969
6970 6970
6971 6971
6973 6973
6974 6974
6975 6975
6976 6976
6979 6979
6981 6981
6982 6982
6984 6984
6986 6986
6987 6987
6989 6989
6990 6990
6992 6992
6997 6997
7000 7000
7002 7002
7003 7003
7008 7008
7013 7013
7014 7014
7025 7025
7026 7026
7028 7028
7031 7031
7033 7033
7036 7036
7058 7058
7061 7061
7062 7062
7063 7063
7064 7064
7067 7067
7068 7068
7071 7071
7072 7072
7077 7077
7081 7081
7092 7092
7094 7094
7096 7096
7102 7102
7103 7103
7106 7106
7107 7107
7109 7109
7111 7111
7117 7117
7119 7119
7120 7120
7125 7125
7126 7126
7127 7127
7130 7130
7133 7133
7138 7138
7143 7143
7147 7147
7158 7158
7160 7160
7161 7161
7162 7162
7163 7163
7164 7164
7165 7165
7169 7169
7177 7177
7181 7181
7183 7183
7186 7186
7192 7192
7199 7199
7202 7202
7203 7203
7207 7207
7208 7208
7209 7209
7213 7213
7217 7217
7218 7218
7223 7223
7231 7231
7236 7236
7244 7244
7248 7248
7250 7250
7255 7255
7258 7258
7268 7268
7273 7273
7276 7276
7280 7280
7282 7282
7287 7287
7288 7288
7296 7296
7298 7298
7305 7305
7306 7306
7307 7307
7314 7314
7316 7316
7319 7319
7320 7320
7322 7322
7323 7323
7327 7327
7328 7328
7332 7332
7333 7333
7337 7337
7342 7342
7343 7343
7344 7344
7346 7346
7347 7347
7349 7349
7350 7350
7353 7353
7354 7354
7356 7356
7358 7358
7359 7359
7372 7372
7373 7373
7377 7377
7378 7378
7382 7382
7383 7383
7384 7384
7387 7387
7394 7394
7396 7396
7404 7404
7411 7411
7413 7413
7415 7415
7416 7416
7417 7417
7418 7418
7419 7419
7424 7424
7427 7427
